1390601773832 446.6244697570801 1810.4000270366669
1390601773850 492.4050569534302 1860.8000040054321
1390601773867 510.12659072875977 1860.8000040054321
1390601773879 598.734176158905 1790.8000081777573
1390601773891 610.5485320091248 1759.9999874830246
1390601773901 614.9788945913315 1628.4000128507614
1390601773913 567.7215129137039 1449.2000460624695
1390601773924 529.3248772621155 1354.000061750412
1390601773936 483.5442900657654 1270.0000166893005
1390601773947 452.53164768218994 1250.400060415268
1390601773973 414.1350328922272 1247.6000130176544
1390601773984 391.9831156730652 1258.7999522686005
1390601774036 383.1223487854004 1272.79993891716
1390601774065 375.73837637901306 1303.5999596118927
1390601774114 374.26162362098694 1365.200001001358
1390601774157 374.26162362098694 1415.5999779701233
1390601774198 390.5063211917877 1519.1999793052673
1390601774243 409.7046494483948 1586.3999903202057
1390601774285 420.04221081733704 1603.2000243663788
1390601774324 431.8565249443054 1617.2000110149384
1390601774366 467.2995924949646 1676.0000050067902
1390601774407 486.4978790283203 1712.3999953269958
1390601774451 499.7890293598175 1762.799972295761
1390601774490 499.7890293598175 1765.6000196933746
1390601774531 499.7890293598175 1768.4000045061111
1390601774583 496.8354403972626 1768.4000045061111
1390601774618 487.9746735095978 1759.9999874830246
1390601774656 483.5442900657654 1746.000000834465
1390601774701 480.59070110321045 1729.200029373169
1390601774713 479.113906621933 1703.9999783039093
1390602204820 496.8354403972626 1785.1999759674072
1390602204902 523.417741060257 1726.3999819755554
1390602204934 542.6160275936127 1673.2000201940536
1390602204969 548.5232055187225 1647.999969124794
1390602205002 560.3375613689423 1513.6000096797943
1390602205035 560.3375613689423 1398.7999439239502
1390602205075 539.6624386310577 1306.4000070095062
1390602205178 511.60338521003723 1250.400060415268
1390602205191 473.20677042007446 1211.2000226974487
1390602205252 451.0548532009125 1202.8000056743622
1390602205265 421.5190052986145 1199.9999582767487
1390602205283 411.18144392967224 1202.8000056743622
1390602205328 399.3670880794525 1228.0000567436218
1390602205375 380.16875982284546 1289.5999729633331
1390602205410 369.83124017715454 1328.8000106811523
1390602205445 360.97047328948975 1384.7999572753906
1390602205490 359.4936788082123 1426.8000423908234
1390602205535 359.4936788082123 1505.1999926567078
1390602205575 387.5527322292328 1603.2000243663788
1390602205614 396.4134991168976 1636.800029873848
1390602205660 425.94934701919556 1726.3999819755554
1390602205712 462.8692090511322 1779.6000063419342
1390602205744 505.69620728492737 1810.4000270366669
1390602205784 530.801671743393 1818.7999814748764
1390602205825 572.1518963575363 1824.4000136852264
1390602205868 601.68776512146 1813.2000118494034
1390602205908 644.5147633552551 1754.4000178575516
1390602205948 665.189865231514 1701.1999934911728
1390602205994 682.9113990068436 1628.4000128507614
1390602206045 682.9113990068436 1538.800060749054
1390602206092 647.4683523178101 1421.1999475955963
1390602206137 588.3966147899628 1331.6000580787659
1390602206174 518.9873576164246 1242.0000433921814
1390602206224 483.5442900657654 1199.9999582767487
1390602206259 454.0084421634674 1174.800032377243
1390602206302 415.61182737350464 1160.8000457286835
1390602206342 386.0759377479553 1177.5999546051025
1390602206383 383.1223487854004 1199.9999582767487
1390602206430 378.691965341568 1314.8000240325928
1390602206466 378.691965341568 1379.1999876499176
1390602206533 383.1223487854004 1437.9999816417694
1390602206550 402.32067704200745 1530.4000437259674
1390602206595 417.0886218547821 1580.8000206947327
1390602206639 461.39241456985474 1662.0000183582306
1390602206683 496.8354403972626 1703.9999783039093
1390602206731 520.464152097702 1737.5999838113785
1390602206770 526.3712882995605 1748.7999856472015
1390602206823 526.3712882995605 1746.000000834465
1390602206864 516.0337686538696 1689.9999916553497
1390602206907 487.9746735095978 1600.3999769687653
1390602206951 440.7172918319702 1446.399998664856
1390602206994 420.04221081733704 1404.4000387191772
1390602207033 417.0886218547821 1401.5999913215637
1390602207079 421.5190052986145 1404.4000387191772
1390602207120 439.24049735069275 1432.4000120162964
1390602207160 527.848082780838 1586.3999903202057
1390602207196 542.6160275936127 1608.7999939918518
1390602207210 563.2911294698715 1628.4000128507614
1390602852114 603.1645596027374 1729.200029373169
1390602852166 600.2109706401825 1695.6000238656998
1390602852179 583.966252207756 1619.9999958276749
1390602852205 483.5442900657654 1382.0000350475311
1390602852865 393.45991015434265 1244.799965620041
1390602852880 360.97047328948975 1233.6000263690948
1390602852893 346.2025284767151 1334.3999803066254
1390602852908 399.3670880794525 1563.9999866485596
1390602852919 468.77638697624207 1734.799998998642
1390602852940 513.0801796913147 1790.8000081777573
1390602852953 592.8269982337952 1793.5999929904938
1390602852964 622.3628669977188 1723.599997162819
1390602853026 625.3164559602737 1552.7999848127365
1390602853045 579.5358687639236 1446.399998664856
1390602853055 516.0337686538696 1376.399940252304
1390602853065 458.4388256072998 1359.600031375885
1390602853076 440.7172918319702 1415.5999779701233
1390602853086 452.53164768218994 1468.800002336502
1390609048450 567.7215129137039 1751.599970459938
1390609084054 609.0717375278473 1239.1999959945679
1390609084140 589.8734092712402 1272.79993891716
1390609084183 585.4430466890335 1379.1999876499176
1390609084227 566.2447184324265 1510.7999622821808
1390609084273 535.2320551872253 1678.7999898195267
1390609084317 514.5569741725922 1762.799972295761
1390609084359 513.0801796913147 1768.4000045061111
1390609084400 530.801671743393 1737.5999838113785
1390609084444 567.7215129137039 1631.199997663498
1390609084498 586.919841170311 1552.7999848127365
1390609084528 612.0253264904022 1365.200001001358
1390609084564 613.502100110054 1256.000030040741
1390609084610 613.502100110054 1155.1999509334564
1390609084654 606.1181485652924 1079.6000480651855
1390609084695 588.3966147899628 1076.800000667572
1390609084736 578.0590742826462 1096.3999569416046
1390609084776 566.2447184324265 1174.800032377243
1390609084782 563.2911294698715 1194.3999886512756
1390609085740 625.3164559602737 1110.3999435901642
1390609085801 616.455689072609 1144.0000116825104
1390609085842 612.0253264904022 1191.599941253662
1390609085886 558.8607668876648 1379.1999876499176
1390609085928 511.60338521003723 1502.3999452590942
1390609085968 501.26582384109497 1547.1999526023865
1390609086013 498.31223487854004 1589.1999751329422
1390609086058 501.26582384109497 1589.1999751329422
1390609086103 508.6497962474823 1527.5999963283539
1390609086150 530.801671743393 1354.000061750412
1390609086199 538.1856441497803 1289.5999729633331
1390609086227 547.0464110374451 1216.7999923229218
1390609086286 551.4767944812775 1183.2000494003296
1390609086310 554.4303834438324 1171.9999849796295
1390609086347 554.4303834438324 1169.199937582016
1390609086391 554.4303834438324 1191.599941253662
1390609086443 550.0 1244.799965620041
1390609086473 545.5696165561676 1261.599999666214
1390609408373 508.6497962474823 1116.0000383853912
1390609408385 490.9282624721527 1149.5999813079834
1390609408390 458.4388256072998 1222.3999619483948
1390609408394 428.9029359817505 1325.9999632835388
1390609408399 383.1223487854004 1488.3999586105347
1390609408403 355.0632953643799 1580.8000206947327
1390609408407 304.8523247241974 1692.7999764680862
1390609408441 284.17720198631287 1729.200029373169
1390609408468 272.3628878593445 1746.000000834465
1390609408628 273.83968234062195 1746.000000834465
1390609408664 275.31643509864807 1743.2000160217285
1390609408705 298.9451467990875 1723.599997162819
1390609408739 338.81855607032776 1676.0000050067902
1390609408762 391.9831156730652 1606.0000091791153
1390609408798 449.578058719635 1519.1999793052673
1390609408835 526.3712882995605 1379.1999876499176
1390609408873 545.5696165561676 1339.9999499320984
1390609408915 570.6751018762589 1281.1999559402466
1390609409391 573.6286908388138 1267.199969291687
1390609409397 572.1518963575363 1267.199969291687
1390609409401 569.1983073949814 1267.199969291687
1390609473532 578.0590742826462 1281.1999559402466
1390609473572 555.9071779251099 1339.9999499320984
1390609473613 530.801671743393 1449.2000460624695
1390609473654 482.0674955844879 1597.5999921560287
1390609473694 476.16031765937805 1611.5999788045883
1390609473734 465.82279801368713 1625.600028038025
1390609473778 461.39241456985474 1636.800029873848
1390609473820 452.53164768218994 1684.4000220298767
1390609695271 473.20677042007446 1656.3999861478806
1390609695362 514.5569741725922 1676.0000050067902
1390609695402 552.9535889625549 1676.0000050067902
1390609695446 674.0506321191788 1678.7999898195267
1390609695487 753.7974715232849 1617.2000110149384
1390609695531 781.8565353751183 1566.799971461296
1390609695575 793.670891225338 1491.2000060081482
1390609695624 767.0886114239693 1398.7999439239502
1390609695668 730.1687806844711 1365.200001001358
1390609695697 666.6666597127914 1337.200027704239
1390609695738 643.0379688739777 1334.3999803066254
1390609695782 569.1983073949814 1331.6000580787659
1390609695825 492.4050569534302 1345.6000447273254
1390609695867 422.99579977989197 1368.0000483989716
1390609695906 383.1223487854004 1387.6000046730042
1390609695949 350.6329119205475 1410.0000083446503
1390609695988 319.62026953697205 1440.800029039383
1390609696028 315.18988609313965 1474.399971961975
1390609696067 337.3417615890503 1522.0000267028809
1390609696113 420.04221081733704 1617.2000110149384
1390609696154 485.02108454704285 1678.7999898195267
1390609696201 570.6751018762589 1743.2000160217285
1390609696230 628.2700449228287 1768.4000045061111
1390609696265 641.5611743927002 1768.4000045061111
1390609696319 643.0379688739777 1768.4000045061111
1390609696366 641.5611743927002 1768.4000045061111
1390609696406 635.654017329216 1768.4000045061111
1390609696423 632.7004283666611 1757.200002670288
1390609749156 645.9915578365326 1636.800029873848
1390609749669 632.7004283666611 1689.9999916553497
1390609749673 619.4092780351639 1715.1999801397324
1390609749678 551.4767944812775 1835.6000155210495
1390609749682 504.2194128036499 1908.3999961614609
1390609749687 461.39241456985474 1981.1999768018723
1390609749691 399.3670880794525 2098.7999960780144
1390609749696 368.3544456958771 2160.400006175041
1390609749700 346.2025284767151 2283.5999950766563
1390609749706 344.7257339954376 2294.7999969124794
1390609749711 344.7257339954376 2269.6000084280968
1390609749722 369.83124017715454 2166.0000070929527
1390609749769 437.7637028694153 1936.39996945858
1390609749811 492.4050569534302 1743.2000160217285
1390609749850 575.1054853200912 1454.8000156879425
1390609749891 626.7932504415512 1272.79993891716
1390609749928 706.5400898456573 962.0000600814819
1390609749967 725.7383972406387 900.4000186920166
1390609750016 774.4725733995438 749.1999626159668
1390609750062 789.2405077815056 698.7999856472015
1390609750107 774.4725733995438 754.8000574111938
1390609750145 715.4008358716965 950.7999956607819
1390609750181 672.5738376379013 1127.1999776363373
1390609750227 626.7932504415512 1303.5999596118927
1390609750266 530.801671743393 1678.7999898195267
1390609750307 487.9746735095978 1838.400000333786
1390609750347 425.94934701919556 2054.0000200271606
1390609750388 390.5063211917877 2151.9999891519547
1390609750433 358.0168843269348 2233.1999868154526
1390609750473 352.10970640182495 2247.2000047564507
1390609750515 350.6329119205475 2247.2000047564507
1390609750555 381.6455543041229 2157.599990069866
1390609750598 455.4852366447449 1942.00000166893
1390609750639 514.5569741725922 1743.2000160217285
1390609750680 601.68776512146 1412.8000557422638
1390609750722 650.421941280365 1199.9999582767487
1390609750767 705.0632953643799 959.2000126838684
1390609750809 743.4599205851555 813.6000514030457
1390609750849 768.5654059052467 729.6000063419342
1390609750888 772.9957789182663 718.3999419212341
1390609750933 772.9957789182663 721.1999893188477
1390609750973 771.5189844369888 735.1999759674072
1390610598871 768.5654059052467 752.0000100135803
1390610598946 734.5991536974907 824.7999906539917
1390610598987 715.4008358716965 878.0000150203705
1390610599032 625.3164559602737 1090.7999873161316
1390610599076 545.5696165561676 1292.4000203609467
1390610599117 495.3586459159851 1429.5999646186829
1390610599166 485.02108454704285 1463.200032711029
1390610599197 483.5442900657654 1468.800002336502
1390610599240 483.5442900657654 1463.200032711029
1390610599276 483.5442900657654 1451.999968290329
1390610599317 485.02108454704285 1446.399998664856
1390610599357 485.02108454704285 1440.800029039383
1390610599398 486.4978790283203 1437.9999816417694
1390610599403 487.9746735095978 1435.20005941391
13046000 520.464152097702 1793.5999929904938
13137000 541.1392331123352 1729.200029373169
13179000 548.5232055187225 1684.4000220298767
13223000 575.1054853200912 1541.5999829769135
13280000 581.0126632452011 1429.5999646186829
13312000 550.0 1359.600031375885
13352000 513.0801796913147 1342.799997329712
13396000 465.82279801368713 1339.9999499320984
13425000 455.4852366447449 1373.6000180244446
13479000 454.0084421634674 1449.2000460624695
13507000 530.801671743393 1608.7999939918518
13548000 567.7215129137039 1633.9999824762344
13592000 586.919841170311 1633.9999824762344
13640000 564.767923951149 1527.5999963283539
13698000 505.69620728492737 1440.800029039383
13723000 467.2995924949646 1415.5999779701233
13763000 461.39241456985474 1415.5999779701233
13802000 456.96203112602234 1440.800029039383
13839000 452.53164768218994 1510.7999622821808
13880000 451.0548532009125 1536.0000133514404
13925000 448.10126423835754 1606.0000091791153
13979000 451.0548532009125 1636.800029873848
14007000 471.729975938797 1639.6000146865845
14047000 483.5442900657654 1639.6000146865845
14092000 490.9282624721527 1625.600028038025
705000 461.39241456985474 1662.0000183582306
784000 474.68356490135193 1678.7999898195267
796000 517.5105631351471 1678.7999898195267
841000 578.0590742826462 1667.5999879837036
889000 634.1772228479385 1572.4000036716461
928000 637.1308118104935 1393.1999742984772
972000 604.6413540840149 1286.8000507354736
1026000 541.1392331123352 1211.2000226974487
1055000 470.25318145751953 1202.8000056743622
1118000 454.0084421634674 1228.0000567436218
1140000 415.61182737350464 1317.5999462604523
1193000 390.5063211917877 1407.1999609470367
1225000 383.1223487854004 1488.3999586105347
1265000 383.1223487854004 1536.0000133514404
1308000 384.59914326667786 1592.0000225305557
1348000 397.89029359817505 1606.0000091791153
1389000 434.81011390686035 1608.7999939918518
1430000 445.1476752758026 1608.7999939918518
1475000 471.729975938797 1575.1999884843826
1519000 490.9282624721527 1519.1999793052673
1562000 496.8354403972626 1468.800002336502
1610000 493.88185143470764 1379.1999876499176
1637000 459.91562008857727 1317.5999462604523
1673000 439.24049735069275 1297.9999899864197
1678000 430.37973046302795 1284.00000333786
669/1000 430.37973046302795 1250.400060415268
729/1000 420.04221081733704 1306.4000070095062
77/100 420.04221081733704 1337.200027704239
407/500 420.04221081733704 1580.8000206947327
171/200 402.32067704200745 1754.4000178575516
112/125 375.73837637901306 1916.8000131845474
1327/1000 321.0970640182495 2146.399988234043
333/250 279.74681854248047 2277.999994158745
1337/1000 233.96623134613037 2420.8000019192696
671/500 210.33756136894226 2499.1999991238117
1347/1000 200.0 2580.4000006988645
1351/1000 200.0 2594.400000059977
339/250 219.19832825660706 2560.800001397729
1361/1000 264.97891545295715 2429.200003296137
273/200 300.421941280365 2303.200013935566
137/100 343.24893951416016 2154.8000052571297
687/500 414.1350328922272 1894.4000095129013
279/200 464.34600353240967 1720.8000123500824
359/250 535.2320551872253 1482.7999889850616
1481/1000 631.2236338853836 1199.9999582767487
1521/1000 654.8523247241974 1138.4000420570374
787/500 705.0632953643799 995.6000030040741
323/200 736.0759481787682 866.7999505996704
331/200 739.0295371413231 836.0000550746918
1699/1000 739.0295371413231 830.3999602794647
1749/1000 739.0295371413231 841.6000247001648
447/250 736.0759481787682 908.8000357151031
917/500 678.4810155630112 1155.1999509334564
937/500 644.5147633552551 1297.9999899864197
383/200 576.5822798013687 1530.4000437259674
391/200 532.2784662246704 1681.5999746322632
1997/1000 487.9746735095978 1829.9999833106995
501/200 427.426141500473 2042.8000181913376
2509/1000 389.02952671051025 2163.1999909877777
503/200 343.24893951416016 2305.9999987483025
2519/1000 321.0970640182495 2378.799995034933
631/250 304.8523247241974 2440.40000513196
316/125 301.89873576164246 2448.800006508827
2533/1000 301.89873576164246 2443.2000055909157
2537/1000 316.6666805744171 2384.3999959528446
2543/1000 369.83124017715454 2149.200004339218
2547/1000 415.61182737350464 1981.1999768018723
319/125 496.8354403972626 1715.1999801397324
639/250 563.2911294698715 1530.4000437259674
2561/1000 654.8523247241974 1275.5999863147736
1297/500 700.6329119205475 1138.4000420570374
1307/500 746.4134991168976 1012.4000370502472
1327/500 762.6582279801369 976.0000467300415
1349/500 768.5654059052467 964.7999823093414
877/1000 712.4472677707672 1012.4000370502472
441/500 653.3755302429199 1132.7999472618103
119/100 344.7257339954376 2081.99999332428
597/500 363.9240622520447 2101.6000121831894
1229/1000 465.82279801368713 1969.9999749660492
317/250 560.3375613689423 1709.6000105142593
653/500 597.2573816776276 1485.6000363826752
1349/1000 617.9324835538864 1127.1999776363373
139/100 614.9788945913315 925.5999445915222
179/125 573.6286908388138 768.8000440597534
737/500 544.0928220748901 749.1999626159668
303/200 492.4050569534302 824.7999906539917
779/500 470.25318145751953 981.6000163555145
1599/1000 439.24049735069275 1289.5999729633331
819/500 424.47259426116943 1580.8000206947327
421/250 424.47259426116943 1757.200002670288
1723/1000 476.16031765937805 1942.00000166893
1767/1000 548.5232055187225 2028.799968957901
1807/1000 597.2573816776276 2037.1999859809875
1847/1000 674.0506321191788 1944.7999864816666
236/125 715.4008358716965 1821.60002887249
967/500 741.983126103878 1614.4000262022018
1979/1000 728.6919862031937 1373.6000180244446
2053/1000 651.8987357616425 1160.8000457286835
2089/1000 541.1392331123352 1057.2000443935394
2099/1000 479.113906621933 1054.399996995926
2139/1000 434.81011390686035 1099.2000043392181
2179/1000 409.7046494483948 1185.999971628189
2217/1000 408.2278549671173 1393.1999742984772
1143/500 449.578058719635 1541.5999829769135
2311/1000 521.9409465789795 1692.7999764680862
293/125 561.8143558502197 1631.199997663498
477/200 563.2911294698715 1572.4000036716461
11591/250 567.7215129137039 1558.4000170230865
5812/125 545.5696165561676 1631.199997663498
46537/1000 535.2320551872253 1659.199970960617
23293/500 482.0674955844879 1788.0000233650208
46633/1000 442.1940863132477 1880.4000228643417
46661/1000 374.26162362098694 2056.800004839897
46701/1000 331.43458366394043 2168.7999919056892
11687/250 285.65399646759033 2269.6000084280968
46799/1000 239.87340927124023 2429.200003296137
46827/1000 207.38397240638733 2577.6000002399087
46869/1000 200.0 2600.0
46933/1000 200.0 2600.0
46953/1000 200.0 2600.0
46999/1000 200.0 2600.0
47043/1000 200.0 2600.0
48653/1000 205.90717792510986 2600.0
4869/100 239.87340927124023 2594.400000059977
4873/100 343.24893951416016 2583.199999202043
6096/125 452.53164768218994 2583.199999202043
48813/1000 548.5232055187225 2588.8000001199543
2443/50 656.3291192054749 2591.5999996010214
6113/125 755.2742660045624 2585.9999996609986
9789/200 843.8818566501141 2583.199999202043
12247/250 897.0464136451483 2583.199999202043
24513/500 900.0 2591.5999996010214
9813/200 900.0 2600.0
9821/200 900.0 2600.0
24573/500 900.0 2600.0
4919/100 900.0 2600.0
9841/200 900.0 2600.0
25399/500 866.0337556153536 2600.0
14383/250 777.4261623620987 2566.3999984040856
14447/250 835.0210949778557 2600.0
57823/1000 842.4050621688366 2600.0
28929/500 860.1265829056501 2600.0
28951/500 867.5105474889278 2600.0
28953/500 868.9873419702053 2600.0
29383/500 818.7763713300228 2600.0
2943/50 846.835445612669 2600.0
58901/1000 863.0801692605019 2600.0
29473/500 900.0 2600.0
58989/1000 900.0 2600.0
5903/100 900.0 2600.0
7384/125 900.0 2600.0
59117/1000 900.0 2600.0
15027/250 900.0 2600.0
12367/200 900.0 2600.0
30931/500 900.0 2600.0
30951/500 900.0 2600.0
61947/1000 897.0464136451483 2558.000000938773
7749/125 863.0801692605019 2454.4000074267387
15509/250 795.1476752758026 2221.9999849796295
62079/1000 702.109706401825 1885.9999924898148
1553/25 573.6286908388138 1463.200032711029
6217/100 486.4978790283203 1149.5999813079834
12443/200 366.8776512145996 718.3999419212341
3113/50 288.60758543014526 500.0
7788/125 213.2911503314972 500.0
62347/1000 200.0 500.0
15597/250 200.0 500.0
12487/200 200.0 500.0
62467/1000 200.0 500.0
12501/200 200.0 500.0
15637/250 200.0 500.0
12517/200 200.0 500.0
1/1000 253.16455960273743 500.0
1/200 297.46835231781006 603.600001335144
9/1000 368.3544456958771 763.1999492645264
7/500 451.0548532009125 970.3999519348145
9/500 467.2995924949646 1009.5999896526337
23/1000 470.25318145751953 1023.5999763011932
27/1000 470.25318145751953 1037.5999629497528
31/1000 470.25318145751953 1043.2000577449799
109/200 495.3586459159851 978.799968957901
117/200 480.59070110321045 1062.8000140190125
5/8 471.729975938797 1132.7999472618103
137/200 430.37973046302795 1317.5999462604523
177/250 422.99579977989197 1373.6000180244446
741/1000 421.5190052986145 1421.1999475955963
393/500 446.6244697570801 1429.5999646186829
827/1000 477.6371121406555 1393.1999742984772
109/125 523.417741060257 1309.2000544071198
457/500 597.2573816776276 1146.800059080124
119/125 641.5611743927002 1037.5999629497528
991/1000 650.421941280365 1004.0000200271606
1027/1000 650.421941280365 995.6000030040741
217/200 648.9451467990875 995.6000030040741
1301/500 668.1434541940689 959.2000126838684
663/250 635.654017329216 992.7999556064606
2703/1000 614.9788945913315 992.7999556064606
273/100 492.4050569534302 1012.4000370502472
2769/1000 467.2995924949646 1023.5999763011932
2811/1000 430.37973046302795 1057.2000443935394
713/250 425.94934701919556 1065.600061416626
1447/500 425.94934701919556 1068.3999836444855
187/250 470.25318145751953 1071.200031042099
801/1000 468.77638697624207 1104.7999739646912
841/1000 451.0548532009125 1253.1999826431274
177/200 396.4134991168976 1451.999968290329
187/200 390.5063211917877 1477.2000193595886
97/100 430.37973046302795 1382.0000350475311
101/100 489.45146799087524 1199.9999582767487
527/500 526.3712882995605 1099.2000043392181
551/500 542.6160275936127 1020.8000540733337
229/200 542.6160275936127 1006.7999422550201
1187/1000 533.7552607059479 1006.7999422550201
307/250 517.5105631351471 1006.7999422550201
1269/1000 505.69620728492737 1018.0000066757202
1017/1000 505.69620728492737 990.0000333786011
1159/1000 482.0674955844879 1015.1999592781067
1201/1000 471.729975938797 1015.1999592781067
249/200 437.7637028694153 1043.2000577449799
323/250 384.59914326667786 1113.1999909877777
133/100 360.97047328948975 1171.9999849796295
343/250 325.52740573883057 1286.8000507354736
353/250 304.8523247241974 1359.600031375885
727/500 287.1307909488678 1488.3999586105347
1493/1000 279.74681854248047 1580.8000206947327
77/50 278.270024061203 1673.2000201940536
198/125 281.22361302375793 1807.5999796390533
163/100 310.75950264930725 1891.6000247001648
209/125 359.4936788082123 1953.200003504753
1713/1000 397.89029359817505 1992.3999786376953
351/200 473.20677042007446 2042.8000181913376
359/200 529.3248772621155 2059.5999896526337
1839/1000 578.0590742826462 2059.5999896526337
1877/1000 645.9915578365326 2051.199972629547
77/40 681.4346045255661 2014.7999823093414
1969/1000 719.8312193155289 1944.7999864816666
2013/1000 743.4599205851555 1863.5999888181686
1041/500 749.3670880794525 1746.000000834465
419/200 749.3670880794525 1715.1999801397324
267/125 743.4599205851555 1625.600028038025
1087/500 715.4008358716965 1519.1999793052673
2213/1000 690.2953505516052 1437.9999816417694
563/250 663.7130707502365 1359.600031375885
459/200 619.4092780351639 1239.1999959945679
2337/1000 597.2573816776276 1183.2000494003296
2377/1000 576.5822798013687 1138.4000420570374
2417/1000 575.1054853200912 1130.0000250339508
861/1000 606.1181485652924 1160.8000457286835
967/1000 594.3037927150726 1199.9999582767487
126/125 585.4430466890335 1239.1999959945679
1047/1000 541.1392331123352 1390.4000520706177
136/125 516.0337686538696 1499.6000230312347
283/250 492.4050569534302 1606.0000091791153
47/40 483.5442900657654 1628.4000128507614
1271/1000 483.5442900657654 1625.600028038025
1277/1000 485.02108454704285 1625.600028038025
1311/1000 486.4978790283203 1625.600028038025
1527/1000 486.4978790283203 1622.7999806404114
1569/1000 487.9746735095978 1622.7999806404114
202/125 487.9746735095978 1619.9999958276749
837/500 490.9282624721527 1617.2000110149384
429/250 495.3586459159851 1617.2000110149384
1763/1000 502.74261832237244 1617.2000110149384
1803/1000 533.7552607059479 1617.2000110149384
1823/1000 581.0126632452011 1617.2000110149384
1867/1000 598.734176158905 1617.2000110149384
239/125 631.2236338853836 1617.2000110149384
989/500 663.7130707502365 1606.0000091791153
507/250 696.2025284767151 1533.199965953827
2081/1000 710.9704732894897 1482.7999889850616
2123/1000 716.8776303529739 1415.5999779701233
54/25 718.3544248342514 1354.000061750412
441/200 716.8776303529739 1222.3999619483948
1127/500 710.9704732894897 1185.999971628189
1149/500 672.5738376379013 1102.0000517368317
2303/1000 638.6075854301453 1043.2000577449799
1159/500 598.734176158905 984.399938583374
583/250 554.4303834438324 950.7999956607819
593/250 527.848082780838 939.6000564098358
2417/1000 501.26582384109497 933.9999616146088
123/50 464.34600353240967 959.2000126838684
1251/500 442.1940863132477 1062.8000140190125
1271/500 440.7172918319702 1093.6000347137451
2583/1000 442.1940863132477 1180.400002002716
669/250 486.4978790283203 1247.6000130176544
677/250 513.0801796913147 1261.599999666214
543/200 520.464152097702 1256.000030040741
559/1000 600.2109706401825 1362.3999536037445
567/1000 583.966252207756 1370.799970626831
573/1000 552.9535889625549 1351.2000143527985
289/500 418.56541633605957 1177.5999546051025
583/1000 396.4134991168976 1160.8000457286835
147/250 529.3248772621155 1376.399940252304
593/1000 648.9451467990875 1519.1999793052673
299/500 492.4050569534302 1297.9999899864197
151/250 445.1476752758026 1247.6000130176544
609/1000 529.3248772621155 1494.0000534057617
319/500 623.8396614789963 1636.800029873848
341/500 548.5232055187225 1471.6000497341156
189/250 452.53164768218994 1250.400060415268
77/100 521.9409465789795 1379.1999876499176
809/1000 622.3628669977188 1510.7999622821808
106/125 561.8143558502197 1396.0000216960907
89/100 461.39241456985474 1191.599941253662
187/200 464.34600353240967 1208.3999752998352
487/500 640.0843799114227 1496.7999756336212
257/250 669.6202486753464 1479.9999415874481
1059/1000 501.26582384109497 1174.800032377243
138/125 479.113906621933 1149.5999813079834
159/100 628.2700449228287 1404.4000387191772
399/250 706.5400898456573 1479.9999415874481
403/250 650.421941280365 1362.3999536037445
407/250 474.68356490135193 1076.800000667572
329/200 467.2995924949646 1079.6000480651855
1649/1000 597.2573816776276 1370.799970626831
331/200 616.455689072609 1393.1999742984772
1659/1000 418.56541633605957 1034.8000407218933
208/125 409.7046494483948 1034.8000407218933
417/250 516.0337686538696 1359.600031375885
1673/1000 616.455689072609 1491.2000060081482
839/500 520.464152097702 1295.1999425888062
841/500 440.7172918319702 1188.8000190258026
1701/1000 467.2995924949646 1396.0000216960907
857/500 659.2827081680298 1619.9999958276749
881/500 541.1392331123352 1292.4000203609467
181/100 418.56541633605957 1213.9999449253082
919/500 427.426141500473 1457.599937915802
1879/1000 502.74261832237244 1575.1999884843826
961/500 665.189865231514 1636.800029873848
983/500 518.9873576164246 1222.3999619483948
2037/1000 371.308034658432 1130.0000250339508
258/125 396.4134991168976 1379.1999876499176
2087/1000 597.2573816776276 1662.0000183582306
2129/1000 623.8396614789963 1586.3999903202057
1087/500 487.9746735095978 1233.6000263690948
1107/500 425.94934701919556 1208.3999752998352
2259/1000 424.47259426116943 1482.7999889850616
2303/1000 606.1181485652924 1667.5999879837036
469/200 638.6075854301453 1460.3999853134155
1193/500 524.8945355415344 1216.7999923229218
1213/500 417.0886218547821 1211.2000226974487
1233/500 434.81011390686035 1513.6000096797943
627/250 669.6202486753464 1782.3999911546707
2549/1000 693.2489395141602 1692.7999764680862
259/100 598.734176158905 1297.9999899864197
2631/1000 479.113906621933 1191.599941253662
1337/500 402.32067704200745 1339.9999499320984
679/250 516.0337686538696 1684.4000220298767
2761/1000 634.1772228479385 1622.7999806404114
1399/500 617.9324835538864 1354.000061750412
709/250 467.2995924949646 1169.199937582016
2877/1000 391.9831156730652 1270.0000166893005
2929/1000 418.56541633605957 1538.800060749054
3009/1000 628.2700449228287 1703.9999783039093
3017/1000 620.8860725164413 1429.5999646186829
3063/1000 399.3670880794525 1099.2000043392181
621/200 372.7848291397095 1166.4000153541565
3147/1000 513.0801796913147 1499.6000230312347
3191/1000 616.455689072609 1524.7999489307404
1619/500 620.8860725164413 1202.8000056743622
1653/500 462.8692090511322 998.4000504016876
667/200 391.9831156730652 1149.5999813079834
3363/1000 467.2995924949646 1401.5999913215637
3389/1000 616.455689072609 1499.6000230312347
389/1000 604.6413540840149 1491.2000060081482
447/1000 585.4430466890335 1524.7999489307404
489/1000 585.4430466890335 1594.8000073432922
107/200 591.3502037525177 2014.7999823093414
287/500 606.1181485652924 2221.9999849796295
613/1000 607.5949430465698 2138.000002503395
657/1000 607.5949430465698 1594.8000073432922
697/1000 613.502100110054 1423.9999949932098
37/50 616.455689072609 1508.0000400543213
197/250 637.1308118104935 1779.6000063419342
163/200 641.5611743927002 1510.7999622821808
851/1000 640.0843799114227 1295.1999425888062
897/1000 610.5485320091248 947.9999482631683
471/500 589.8734092712402 1138.4000420570374
197/200 603.1645596027374 1594.8000073432922
1513/1000 641.5611743927002 2023.199999332428
1519/1000 651.8987357616425 1914.000028371811
381/250 644.5147633552551 1104.7999739646912
153/100 637.1308118104935 1037.5999629497528
192/125 622.3628669977188 1199.9999582767487
1541/1000 622.3628669977188 1633.9999824762344
1547/1000 628.2700449228287 1942.00000166893
1553/1000 644.5147633552551 1757.200002670288
779/500 651.8987357616425 1328.8000106811523
1571/1000 651.8987357616425 1020.8000540733337
197/125 641.5611743927002 1292.4000203609467
198/125 632.7004283666611 1790.8000081777573
159/100 631.2236338853836 2196.799996495247
399/250 632.7004283666611 2160.400006175041
323/200 638.6075854301453 1401.5999913215637
1653/1000 638.6075854301453 1045.9999799728394
423/250 632.7004283666611 1087.999939918518
87/50 634.1772228479385 1793.5999929904938
447/250 641.5611743927002 2045.600003004074
363/200 651.8987357616425 1964.4000053405762
232/125 651.8987357616425 1457.599937915802
1899/1000 650.421941280365 908.8000357151031
1939/1000 641.5611743927002 880.800062417984
248/125 634.1772228479385 1606.0000091791153
2499/1000 640.0843799114227 2174.3999928236008
313/125 647.4683523178101 2101.6000121831894
2509/1000 647.4683523178101 1603.2000243663788
2513/1000 645.9915578365326 1051.5999495983124
2519/1000 637.1308118104935 1009.5999896526337
631/250 623.8396614789963 1619.9999958276749
316/125 632.7004283666611 2292.000012099743
633/250 645.9915578365326 2398.3999982476234
2537/1000 653.3755302429199 2202.3999974131584
2541/1000 657.8059136867523 1199.9999582767487
1273/500 657.8059136867523 1009.5999896526337
51/20 651.8987357616425 1211.2000226974487
511/200 650.421941280365 1712.3999953269958
2567/1000 651.8987357616425 2059.5999896526337
653/250 660.7595026493073 2163.1999909877777
53/20 663.7130707502365 1522.0000267028809
539/200 663.7130707502365 1079.6000480651855
547/200 663.7130707502365 861.1999809741974
1387/500 659.2827081680298 1018.0000066757202
2817/1000 651.8987357616425 1788.0000233650208
1429/500 643.0379688739777 2356.400007009506
29/10 641.5611743927002 2429.200003296137
2941/1000 645.9915578365326 1969.9999749660492
373/125 647.4683523178101 1426.8000423908234
3031/1000 647.4683523178101 880.800062417984
769/250 637.1308118104935 959.2000126838684
779/250 637.1308118104935 1804.7999948263168
789/250 650.421941280365 2194.0000116825104
3203/1000 663.7130707502365 2163.1999909877777
1623/500 659.2827081680298 1272.79993891716
3291/1000 635.654017329216 914.4000053405762
417/125 622.3628669977188 1051.5999495983124
3377/1000 640.0843799114227 1841.1999851465225
1707/500 654.8523247241974 2054.0000200271606
863/250 662.2362971305847 1759.9999874830246
438/125 662.2362971305847 1197.2000360488892
883/250 653.3755302429199 782.800030708313
3573/1000 644.5147633552551 866.7999505996704
3617/1000 643.0379688739777 1687.2000068426132
3657/1000 645.9915578365326 2039.999970793724
371/100 654.8523247241974 1843.999969959259
749/200 647.4683523178101 1174.800032377243
3781/1000 637.1308118104935 1076.800000667572
153/40 626.7932504415512 1185.999971628189
967/250 626.7932504415512 1788.0000233650208
977/250 626.7932504415512 1936.39996945858
1977/500 620.8860725164413 1698.4000086784363
3959/1000 612.0253264904022 1519.1999793052673
43/100 612.0253264904022 1519.1999793052673
131/250 594.3037927150726 1522.0000267028809
143/250 541.1392331123352 1410.0000083446503
601/1000 489.45146799087524 1297.9999899864197
159/250 483.5442900657654 1286.8000507354736
689/1000 476.16031765937805 1278.400033712387
721/1000 473.20677042007446 1311.9999766349792
761/1000 462.8692090511322 1451.999968290329
803/1000 456.96203112602234 1622.7999806404114
843/1000 434.81011390686035 1869.2000210285187
443/500 391.9831156730652 2048.3999878168106
463/500 363.9240622520447 2143.6000034213066
1173/1000 327.00420022010803 2236.0000029206276
589/500 313.7130916118622 2264.0000075101852
1183/1000 318.1434750556946 2236.0000029206276
297/250 346.2025284767151 2146.399988234043
601/500 389.02952671051025 1995.2000260353088
249/200 467.2995924949646 1698.4000086784363
1283/1000 557.3839724063873 1373.6000180244446
331/250 612.0253264904022 1191.599941253662
171/125 675.5274266004562 1015.1999592781067
281/200 703.5865008831024 953.6000430583954
1449/1000 719.8312193155289 917.2000527381897
1489/1000 719.8312193155289 914.4000053405762
1529/1000 712.4472677707672 942.3999786376953
783/500 659.2827081680298 1132.7999472618103
1607/1000 612.0253264904022 1320.3999936580658
413/250 558.8607668876648 1530.4000437259674
847/500 482.0674955844879 1815.99999666214
1731/1000 415.61182737350464 2037.1999859809875
221/125 378.691965341568 2157.599990069866
363/200 352.10970640182495 2238.799987733364
927/500 332.9113781452179 2289.199995994568
189/100 334.38817262649536 2283.5999950766563
1929/1000 365.40085673332214 2191.1999955773354
1969/1000 440.7172918319702 1933.5999846458435
1009/500 501.26582384109497 1709.6000105142593
2053/1000 569.1983073949814 1460.3999853134155
262/125 663.7130707502365 1124.4000554084778
1067/500 734.5991536974907 903.1999409198761
451/200 758.2278445363045 838.7999773025513
1149/500 740.5063316226006 905.9999883174896
296/125 669.6202486753464 1132.7999472618103
603/250 567.7215129137039 1544.400030374527
2461/1000 493.88185143470764 1838.400000333786
1249/500 430.37973046302795 2073.5999763011932
1269/500 391.9831156730652 2205.2000135183334
1291/500 362.4472677707672 2305.9999987483025
2629/1000 343.24893951416016 2392.799997329712
2673/1000 343.24893951416016 2401.199998706579
2723/1000 369.83124017715454 2334.00000333786
2751/1000 443.67088079452515 2098.7999960780144
1393/500 507.17300176620483 1885.9999924898148
354/125 576.5822798013687 1633.9999824762344
23/8 671.0970431566238 1292.4000203609467
2917/1000 730.1687806844711 1079.6000480651855
1479/500 801.0548532009125 847.1999943256378
1501/500 837.9746839404106 729.6000063419342
1521/500 843.8818566501141 704.3999552726746
386/125 843.8818566501141 701.6000330448151
3131/1000 817.2995768487453 768.8000440597534
3171/1000 781.8565353751183 894.8000490665436
129/40 715.4008358716965 1197.2000360488892
653/200 638.6075854301453 1510.7999622821808
412/125 579.5358687639236 1687.2000068426132
3341/1000 474.68356490135193 1961.6000205278397
339/100 428.9029359817505 2079.2000085115433
3417/1000 372.7848291397095 2227.599985897541
3459/1000 360.97047328948975 2261.19999140501
1751/500 344.7257339954376 2325.5999863147736
889/250 344.7257339954376 2328.4000024199486
3583/1000 402.32067704200745 2199.600012600422
29/8 465.82279801368713 2023.199999332428
3669/1000 523.417741060257 1821.60002887249
3709/1000 614.9788945913315 1477.2000193595886
937/250 709.4936788082123 1160.8000457286835
3793/1000 764.1350224614143 978.799968957901
479/125 818.7763713300228 819.2000210285187
3873/1000 839.4514784216881 768.8000440597534
3911/1000 846.835445612669 752.0000100135803
987/250 846.835445612669 757.5999796390533
499/125 836.4978894591331 782.800030708313
4037/1000 823.2067495584488 816.3999736309052
2041/500 795.1476752758026 922.8000223636627
2063/500 755.2742660045624 1110.3999435901642
521/125 702.109706401825 1323.2000410556793
4209/1000 654.8523247241974 1491.2000060081482
4247/1000 583.966252207756 1720.8000123500824
4293/1000 532.2784662246704 1880.4000228643417
4341/1000 448.10126423835754 2143.6000034213066
2191/500 418.56541633605957 2236.0000029206276
4427/1000 393.45991015434265 2308.8000148534775
4469/1000 386.0759377479553 2325.5999863147736
4521/1000 384.59914326667786 2325.5999863147736
691/500 420.04221081733704 2227.599985897541
1437/1000 425.94934701919556 2177.200008928776
373/250 427.426141500473 2123.999984562397
1513/1000 482.0674955844879 1793.5999929904938
311/200 518.9873576164246 1580.8000206947327
8/5 554.4303834438324 1379.1999876499176
827/500 561.8143558502197 1311.9999766349792
421/250 561.8143558502197 1292.4000203609467
